4294967279,131
4294967279,129
4294967279,128
4294967279,127
4243767290,0
4294967278,8
4294967278,7
4294967278,6
4294967278,5
4294967278,4
4294967279,132
4294967278,315
4294967278,251
4294967278,249
4294967278,247
4294967278,18
4294967278,17
4294967278,16
4294967278,15
4294967278,14
4294967278,13
4294967278,12
4294967278,11
4294967278,10
4294967278,9
4294967278,245
4294967278,243
4294967278,241
4294967278,239
4294967278,36
4294967278,35
4294967278,34
4294967278,33
4294967278,32
4294967278,31
4294967278,30
4294967278,29
4294967278,28
4294967278,27
4294967278,26
4294967278,25
4294967278,24
4294967278,23
4294967278,22
4294967278,21
4294967278,20
4294967278,19
4294967279,26
4294967279,25
4294967279,24
4294967279,22
4294967279,19
4294967279,17
4294967279,15
4294967279,14
4294967279,12
4294967278,314
4294967294,1418
4294967294,437
4294967278,237
4294967294,1082
4294967278,235
4294967278,236
4294967278,233
13,7
4294967278,230
4294967294,389
4294967294,114
4294967278,228
4294967278,226
4294967278,223
4294967294,388
4294967294,397
4294967294,396
4294967294,408
4294967294,412
4294967294,179
4294967294,405
4294967294,152
4294967294,419
4294967294,386
4294967294,384
4294967294,1070
4294967294,452
4294967294,110
4294967294,119
4294967294,109
4294967278,221
4294967278,222
4294967278,219
4294967278,217
4294967278,215
13,6
13,5
4294967278,214
13,4
13,3
13,2
13,1
4294967279,317
4294967278,213
4294967279,316
4294967278,313
4294967279,315
4294967278,312
4294967279,314
4294967278,311
4294967278,208
4294967294,1423
4294967279,313
4294967278,207
4294967278,310
4294967278,206
4294967278,205
4294967278,202
4294967278,204
4294967278,203
4294967278,309
4294967294,89
4294967294,1159
4294967294,1075
4294967278,201
4294967278,200
4294967279,312
4294967278,199
4294967294,120
4294967294,155
4294967294,39
4294967294,45
4294967294,38
4294967294,36
4294967294,44
4294967278,308
4294967279,311
4294967294,42
4294967294,76
4294967294,41
4294967294,424
4294967294,107
4294967294,92
4294967294,91
4294967294,88
4294967294,87
4294967294,85
4294967294,53
4294967294,416
4294967294,52
4294967278,307
4294967278,196
4294967278,306
4294967279,310
4294967294,175
4294967294,173
4294967294,15
4294967294,185
4294967294,116
4294967294,169
4294967294,170
4294967278,195
4294967294,1163
4294967294,159
4294967294,83
4294967294,398
4294967294,184
4294967294,180
4294967294,183
4294967294,182
4294967294,126
4294967294,104
4294967294,106
4294967294,166
4294967294,24
4294967294,160
4294967294,168
4294967278,193
4294967278,192
4294967294,186
4294967278,305
4294967294,5
4294967279,309
4294967294,50
4294967278,304
4294967279,308
4294967278,188
4294967278,303
4294967279,307
4294967278,187
4294967294,37
4294967294,1422
4294967294,1421
4294967294,1420
4294967294,428
4294967294,157
4294967294,1166
4294967294,1160
4294967278,186
4294967279,306
4294967278,185
4294967278,183
10,5
4294967278,182
10,4
10,3
10,2
10,1
4294967279,305
4294967278,181
4294967294,40
4294967278,179
9,4
4294967278,178
9,2
9,1
4294967278,260
4294967294,474
4294967294,471
4294967278,177
4294967278,176
4294967278,175
8,4
8,3
8,2
8,1
4294967279,304
4294967279,260
4294967294,9
4294967278,173
4294967278,132
4294967278,131
4294967278,130
4294967278,129
4294967278,128
4294967278,127
4294967278,126
4294967278,125
4294967278,124
4294967278,123
4294967278,122
4294967278,121
4294967278,120
4294967278,119
4294967278,118
4294967278,117
4294967278,116
4294967278,115
4294967278,114
4294967278,113
4294967278,112
4294967278,111
4294967278,110
4294967278,109
4294967278,108
4294967278,107
4294967278,106
4294967278,105
4294967278,104
4294967278,103
4294967278,102
4294967278,101
4294967278,100
4294967278,99
4294967278,98
4294967278,97
4294967278,96
4294967278,95
4294967278,94
4294967278,93
4294967278,92
4294967278,91
4294967278,90
4294967278,89
4294967278,87
4294967278,86
4294967278,85
4294967278,84
4294967278,83
4294967278,82
4294967278,81
4294967278,80
4294967278,79
4294967278,78
4294967278,77
4294967278,76
4294967278,75
4294967278,74
4294967278,73
4294967278,72
4294967278,71
4294967278,70
4294967278,69
4294967278,68
4294967278,67
4294967278,66
4294967278,65
4294967278,64
4294967278,63
4294967278,62
4294967278,61
4294967278,58
4294967278,57
4294967278,56
4294967278,55
4294967278,54
4294967278,53
4294967278,52
4294967278,51
4294967278,50
4294967278,49
4294967278,48
4294967278,47
4294967278,43
4294967278,42
4294967278,41
4294967278,40
4294967278,38
4294967279,23
4294967279,21
4294967279,20
4294967279,18
4294967279,13
