4294967279,116
4294967279,115
4294967279,114
4294967279,113
4294967279,112
4294967279,111
4294967279,110
4294967279,109
4294967279,108
4294967279,107
4294967279,106
4294967279,105
4294967279,104
4294967279,103
4294967279,102
4294967279,101
4294967279,100
4294967279,99
4294967279,98
4294967279,97
4243767290,0
4294967278,36
4294967278,35
4294967278,34
4294967278,33
4294967278,32
4294967278,31
4294967278,30
4294967278,29
4294967278,28
4294967278,27
4294967278,26
4294967278,25
4294967278,24
4294967278,23
4294967278,22
4294967278,21
4294967278,20
4294967278,19
4294967278,18
4294967278,17
4294967278,16
4294967278,15
4294967278,14
4294967278,13
4294967278,12
4294967278,11
4294967278,10
4294967278,9
4294967278,8
4294967278,7
4294967278,6
4294967278,5
4294967278,4
4294967279,132
4294967279,131
4294967279,130
4294967279,129
4294967279,128
4294967279,127
4294967279,126
4294967279,125
4294967279,124
4294967279,123
4294967279,122
4294967279,121
4294967279,120
4294967279,119
4294967279,118
4294967279,117
4294967279,25
4294967279,24
4294967279,21
4294967279,20
4294967279,17
4294967279,15
4294967279,13
4294967279,12
4294967278,240
4294967279,515
4294967278,328
4294967278,237
4294967278,235
4294967278,233
4294967278,231
4294967278,229
4294967278,227
4294967278,225
4294967278,223
4294967278,221
4294967278,219
4294967278,217
4294967294,1419
4294967294,437
4294967294,1422
4294967294,474
4294967278,213
4294967294,393
4294967294,115
4294967278,327
4294967278,326
13,6
4294967294,1421
4294967294,251
4294967278,212
4294967278,325
4294967279,514
4294967279,513
4294967278,211
13,5
4294967278,209
13,4
4294967278,208
13,3
13,2
13,1
4294967278,324
4294967294,408
4294967294,397
4294967294,396
4294967294,400
4294967294,419
4294967294,178
4294967294,179
4294967294,386
4294967294,405
4294967294,384
4294967294,418
4294967294,110
4294967294,455
4294967278,207
4294967278,204
4294967279,512
4294967278,323
4294967278,322
12,5
4294967278,203
4294967294,89
4294967278,202
12,4
12,3
12,2
12,1
4294967279,136
4294967278,201
4294967278,321
4294967279,133
4294967278,199
4294967278,320
4294967279,319
4294967278,319
4294967278,318
4294967279,318
4294967278,317
4294967278,193
4294967278,192
4294967278,190
11,4
4294967278,191
11,3
11,2
11,1
4294967278,316
4294967278,189
4294967278,188
4294967279,317
4294967278,187
4294967278,186
4294967278,185
4294967278,315
4294967279,316
4294967279,315
4294967278,184
9,5
4294967278,182
9,4
4294967278,181
9,3
9,2
9,1
4294967278,314
4294967294,388
4294967294,387
4294967294,470
4294967278,180
4294967294,205
4294967294,186
4294967294,201
4294967294,17
4294967294,99
4294967294,76
4294967294,41
4294967278,313
4294967278,312
4294967279,314
4294967278,177
8,4
8,3
8,2
8,1
4294967279,313
4294967278,176
0,7
4294967294,1
4294967294,42
4294967278,311
4294967279,312
4294967278,310
4294967294,0
4294967279,311
4294967278,309
4294967279,310
4294967278,308
4294967279,309
4294967278,307
4294967294,5
4294967279,308
4294967278,306
4294967279,307
4294967294,392
4294967294,46
4294967294,390
4294967294,389
4294967294,120
4294967294,114
4294967294,2
4294967278,305
4294967279,306
4294967278,304
4294967279,305
4294967294,471
4294967278,303
4294967279,304
4294967294,107
4294967294,91
4294967294,90
4294967294,87
4294967294,86
4294967294,85
4294967294,84
4294967294,219
4294967294,253
4294967294,250
4294967294,29
4294967294,417
4294967294,28
4294967294,220
4294967294,27
4294967294,53
4294967294,416
4294967294,51
4294967294,52
4294967294,45
4294967294,428
4294967294,44
4294967294,424
4294967294,43
4294967294,96
4294967294,94
4294967278,302
4294967294,9
4294967278,164
4294967294,8
4294967278,301
4294967278,0
4294967294,7
4294967279,303
4294967294,6
4294967294,22
4294967294,93
4294967294,95
4294967294,81
4294967294,10
4294967294,198
4294967294,420
4294967294,402
4294967294,190
4294967294,162
4294967294,161
4294967294,82
4294967294,92
4294967294,88
4294967278,132
4294967278,131
4294967278,130
4294967278,129
4294967278,128
